1 0.3375 0.44387298747763865 0.10625 0.8832737030411449
1 0.5640625 0.33765652951699465 0.0625 0.6127012522361359
1 0.67421875 0.47070661896243293 0.0578125 0.5523255813953488
1 0.72890625 0.5254919499105546 0.0359375 0.44275491949910556
1 0.76953125 0.565742397137746 0.0359375 0.3622540250447227
1 0.80546875 0.5758050089445438 0.0453125 0.2750447227191413
1 0.8390625 0.6182915921288015 0.028125 0.16323792486583183
1 0.88046875 0.6473613595706619 0.0484375 0.14982110912343471
0 0.29375 0.5008944543828264 0.575 0.40250447227191416
0 0.72109375 0.35107334525939177 0.3078125 0.6932021466905188
0 0.93828125 0.6227638640429338 0.1234375 0.22584973166368516