1 0.86171875 0.46860356138706655 0.0921875 0.9372071227741331
1 0.72578125 0.4498594189315839 0.0703125 0.38425492033739456
1 0.65546875 0.6537019681349578 0.0546875 0.5014058106841612
1 0.621875 0.6818181818181818 0.0375 0.41705716963448924
1 0.59921875 0.6841611996251171 0.0390625 0.3280224929709466
1 0.56953125 0.6853327085285849 0.0421875 0.25538894095595127
1 0.5109375 0.6923617619493908 0.0375 0.15229615745079664
1 0.48828125 0.6783036551077788 0.0328125 0.14761012183692596
1 0.39375 0.6888472352389878 0.04375 0.1640112464854733
1 0.253125 0.6853327085285849 0.040625 0.24133083411433928
1 0.11640625 0.5951265229615745 0.0359375 0.2717900656044986
1 0.071875 0.6724461105904405 0.025 0.10309278350515463
1 0.23984375 0.6888472352389878 0.0265625 0.11246485473289597
0 0.0484375 0.6490159325210871 0.0875 0.21087160262417995
0 0.41796875 0.6244142455482662 0.3796875 0.2694470477975633